0.8946223686886228
0.9637083790548476
0.615371805091423
0.2113241854482858
0.15349215911088765
0.5589064434375788
0.11538089985443567
0.5505396879923303
0.28316831858258407
0.2969992574909168
0.6254295982730997
0.34297420550469326
0.836933004823247
0.7233084039352957
0.8972503283821512
0.6163341829569775
0.29351597651390615
0.6718057571392037
0.3601416187707902
0.10466456422597026
0.11176426145155072
0.5781249302669271
0.06039714888865588
0.18089949889465096
0.3298888484833885
0.6975799192130183
0.8624243492914493
0.253675753774814
0.20135227535408484
0.8242206868216959
0.12446693044652413
0.2584955607791969
0.3694625281147291
0.30351454235776065
0.49341171947293716
0.4045970255750069
0.29283986026746056
0.4517828094592383
0.3882077148608837
0.28162276084538296
0.9400313867559451
0.5391238449190293
0.17467308474504284
0.09773765486367714
0.8498603124525217
0.043988550621807176
0.7234904407901455
0.4307604596993827
0.16970063742669816
0.019073212460738675
0.9302472372229139
0.9833679883539247
0.892433472202112
0.10348434104784521
0.04191957028048521
0.5423503331289564
0.10259286112952681
0.3782495827388469
0.19814869232531163
0.7344831978338728
0.16743108394859352
0.010332942491816932
0.45378356379343365
0.44827598537002433
0.7319100398795673
0.5638702620872336
0.0717130530573794
0.2728703865696852
0.4251986208206683
0.09199246897957825
0.8397772969332247
0.2753035662023028
0.6232793453726896
0.9045476706298768
0.41545548163852797
0.2486062656134258
0.4248448926800982
0.3679539714560155
0.41081949052472866
0.465479411283659
0.0005728967853847466
0.8978888835974942
0.4845681205223116
0.5027348084033145
0.024800516442614606
0.6853545237910357
0.8911076296493864
0.3580011397012758
0.8494618675171609
0.8253491683550713
0.8809710580074425
0.599918395505597
0.6928961357962496
0.06328609085152725
0.5889179698474383
0.31483259816262044
0.3362122255818487
0.33452605081053477
0.9466295013418612
0.34825651531161683
0.568930087558838
0.25127243022559165
0.7124717311664917
0.5283510580187983
0.9682345963514963
0.7962114752700445
0.28835113503848986
0.48112206324126894
0.8452188165707597
0.3053606019283629
0.790232577453001
0.8044866639264264
0.7038881504406749
0.1654966712292406
0.49383387717365024
0.3360259899048339
0.7869313508927821
0.8096319137778665
0.9736986411058919
0.10401238154981973
0.6235902368680897
0.8997349079619763
0.08355669267916177
0.44966679711593716
0.6499018423964656
0.32977865975882026
0.5281183999225798
0.4779059116294485
0.5728752446476827
0.9244039400614881
0.8289036514305489
0.31920761518921836
0.3734035629427881
0.5631943574891657
0.532009619656174
0.5376717413940971
0.7437714311907124
0.9091041405996682
0.9578221489135658
0.39747631201038724
0.15818876532727788
0.7812266971190793
0.9726598816314768
0.8250816368337301
0.3791441111711563
0.4094604908838033
0.7227180190858031
0.8201013565887949
0.693270594773356
0.6257796187623105
0.49396468919608794
0.03281805051385178
0.2958497526656453
0.5167751868293485
0.7500222857450609
0.1793870768607776
0.38235254352629733
0.3505094482571902
0.4061845483461175
0.7767810000230847
0.2358904682370495
0.9863573363462745
0.9543153492435007
0.09663691626278137
0.4870118961738027
0.6467932809884671
0.7403854428236142
0.5531936800061233
0.967178972024188
0.09035006788452171
0.5931200631440767
0.8439351503388907
0.6017266016092817
0.9968151681241164
0.13762467575337733
0.3420499054016566
0.32472542262106996
0.7734982905424009
0.5130567560083218
0.341089858584525
0.4424016431072195
0.5895939057014944
0.20496855997267382
0.5713805060448597
0.8299384091905568
0.1425961817588699
0.5120746951379838
0.6236024543531766
0.806524143879698
0.09585567823071584
0.4509567075475954
0.02695875351946453
0.0869751554521292
0.1737002304541969
0.4333875748739826
0.08485913833684688
0.5975153636167847
0.7313874306993343
0.9081181222914064
0.6289214802191767
0.9495574412657342
0.8578683111672661
0.745632011344886
0.8877680070530033
0.1808940561847242
0.855084714825741
0.5267076134041432
0.8606720420156637
0.3711136245826385
0.07446728512647605
0.6462100504176803
0.09021822060904394
0.47363752247384105
0.8902625927870516
0.9300199305245391
0.15105651821373556
0.1789263012761626
0.3004170219800485
0.2669414036666261
0.3628626163746983
0.25459209593238186
0.4902155124427632
0.7695056085096672
